list(Original_TrackID = c("1000251527", "1000251550", "1000251800", "1000256505", "1000260048", "1000261801", "1000263526", "1000271198", "1000282309", "1000288026", "1000290971"), cluster2 = c(1, 1, 1, 1, 1, 1, 1, 1, 1, 1, 1)), list(Original_TrackID = c("1000251510", "1000273182"), cluster2 = c(2, 2)), list(Original_TrackID = c("1000251504", "1000251536", "1000252673", "1000255358", "1000304529"), cluster2 = c(3, 3, 3, 3, 3)), list(Original_TrackID = c("1000251491", "1000255803", "1000260068", "1000279982"), cluster2 = c(4, 4, 4, 4)), list(Original_TrackID = c("1000251540", "1000251553", "1000252226", "1000265290"), cluster2 = c(5, 5, 5, 5)), list(Original_TrackID = c("1000251461", "1000251513", "1000251557", "1000256038", "1000256193", "1000264816", "1000267572", "1000269904", "1000271657", "1000308758"), cluster2 = c(6, 6, 6, 6, 6, 6, 6, 6, 6, 6)), list(Original_TrackID = c("1000251441", "1000251457", "1000251460", "1000251533", "1000251542", "1000255751", "1000259366", "1000270009", "1000276559", "1000283654", "1000292327", "1000295000", "1000296365", "1000301071", "1000303944", "1000305770"), cluster2 = c(7, 7, 7, 7, 7, 7, 7, 7, 7, 7, 7, 7, 7, 7, 7, 7)), list(Original_TrackID = c("1000251454", "1000251462", "1000251466", "1000251472", "1000251475", "1000251488", "1000251522", "1000251525", "1000251539", "1000251552", "1000252135", "1000253074", "1000253315", "1000254721", "1000254914", "1000256097", "1000256287", "1000259449", "1000259831", "1000263843", "1000264648", "1000271139", "1000271530", "1000272116", "1000273617", "1000277692", "1000279609", "1000280936", "1000287042", "1000287650", "1000289286", "1000289588", "1000289598", "1000300549", 
"1000303017", "1000305176", "1000305248", "1000307138", "1000310512"), cluster2 = c(8, 8, 8, 8, 8, 8, 8, 8, 8, 8, 8, 8, 8, 8, 8, 8, 8, 8, 8, 8, 8, 8, 8, 8, 8, 8, 8, 8, 8, 8, 8, 8, 8, 8, 8, 8, 8, 8, 8)), list(Original_TrackID = c("1000251439", "1000251449", "1000251470", "1000251476", "1000251487", "1000251496", "1000251500", "1000251506", "1000251528", "1000251604", "1000251689", "1000251776", "1000252009", "1000252272", "1000252471", "1000253248", "1000253259", "1000253416", "1000253426", "1000253467", "1000255761", "1000256754", "1000260032", "1000260886", "1000261849", "1000262230", "1000262609", "1000264680", "1000264935", "1000265114", "1000265395", "1000266166", "1000266244", "1000268271", 
"1000268780", "1000269400", "1000271095", "1000271300", "1000271798", "1000271889", "1000272327", "1000274457", "1000277271", "1000278186", "1000278196", "1000279334", "1000280197", "1000283444", "1000283467", "1000284568", "1000284872", "1000285219", "1000288123", "1000288729", "1000289060", "1000290175", "1000290435", "1000290957", "1000292058", "1000292324", "1000292599", "1000295504", "1000296860", "1000296884", "1000296982", "1000297199", "1000297472", "1000298559", "1000298901", "1000300813", 
"1000304271", "1000304577", "1000304653", "1000306266", "1000306394", "1000306470", "1000308281", "1000308462", "1000309136", "1000310173"), cluster2 = c(9, 9, 9, 9, 9, 9, 9, 9, 9, 9, 9, 9, 9, 9, 9, 9, 9, 9, 9, 9, 9, 9, 9, 9, 9, 9, 9, 9, 9, 9, 9, 9, 9, 9, 9, 9, 9, 9, 9, 9, 9, 9, 9, 9, 9, 9, 9, 9, 9, 9, 9, 9, 9, 9, 9, 9, 9, 9, 9, 9, 9, 9, 9, 9, 9, 9, 9, 9, 9, 9, 9, 9, 9, 9, 9, 9, 9, 9, 9, 9))
