list(Original_TrackID = c("1000190030", "1000206712", "1000207973", "1000225060", "1000229618", "1000231721"), cluster2 = c(1, 1, 1, 1, 1, 1)), list(Original_TrackID = c("1000190010", "1000190057", "1000190111", "1000190136", "1000190321", "1000190669", "1000194594", "1000199013", "1000208400", "1000208840", "1000211850", "1000219206", "1000220327", "1000220719", "1000222876", "1000223197", "1000223819", "1000236709"), cluster2 = c(2, 2, 2, 2, 2, 2, 2, 2, 2, 2, 2, 2, 2, 2, 2, 2, 2, 2)), list(Original_TrackID = c("1000190005", "1000190006", "1000190007", "1000190013", "1000190028", "1000190035", "1000190041", "1000190043", "1000190044", "1000190051", "1000190054", "1000190060", "1000190061", "1000190067", "1000190073", "1000190074", "1000190081", "1000190083", "1000190088", "1000190092", "1000190097", "1000190100", "1000190104", "1000190110", "1000190115", "1000190117", "1000190123", "1000190127", "1000190130", "1000190159", "1000190195", "1000190375", "1000191695", "1000193832", 
"1000200471", "1000210577", "1000220704", "1000225673", "1000225809", "1000238601"), cluster2 = c(3, 3, 3, 3, 3, 3, 3, 3, 3, 3, 3, 3, 3, 3, 3, 3, 3, 3, 3, 3, 3, 3, 3, 3, 3, 3, 3, 3, 3, 3, 3, 3, 3, 3, 3, 3, 3, 3, 3, 3)), list(Original_TrackID = c("1000190011", "1000190018", "1000190020", "1000190021", "1000190024", "1000190025", "1000190026", "1000190031", "1000190032", "1000190040", "1000190045", "1000190046", "1000190047", "1000190056", "1000190064", "1000190068", "1000190069", "1000190071", "1000190077", "1000190085", "1000190089", "1000190090", "1000190119", "1000190126", "1000190128", "1000190129", "1000190132", "1000190138", "1000190139", "1000190294", "1000190335", "1000190416", "1000190904", "1000191540", 
"1000202138", "1000202864", "1000217439", "1000221588", "1000238100"), cluster2 = c(4, 4, 4, 4, 4, 4, 4, 4, 4, 4, 4, 4, 4, 4, 4, 4, 4, 4, 4, 4, 4, 4, 4, 4, 4, 4, 4, 4, 4, 4, 4, 4, 4, 4, 4, 4, 4, 4, 4)), list(Original_TrackID = c("1000190033", "1000190034", "1000190038", "1000190055", "1000190058", "1000190084", "1000190091", "1000190095", "1000190135", "1000190337", "1000190590", "1000191060", "1000191368", "1000191996", "1000193884", "1000195356", "1000195511", "1000195763", "1000201530", "1000208645", "1000209334", "1000213422", "1000214439", "1000219866", "1000226767", "1000227317", "1000228430", "1000228905", "1000229358", "1000232584", "1000239987"), cluster2 = c(5, 5, 5, 5, 5, 5, 5, 5, 5, 
5, 5, 5, 5, 5, 5, 5, 5, 5, 5, 5, 5, 5, 5, 5, 5, 5, 5, 5, 5, 5, 5)), list(Original_TrackID = c("1000190014", "1000190022", "1000190023", "1000190109", "1000190125", "1000190137", "1000194091", "1000200298", "1000212664", "1000214999", "1000215636", "1000216994", "1000221010", "1000222142", "1000226957", "1000227434", "1000227641", "1000228663", "1000230532", "1000236266"), cluster2 = c(6, 6, 6, 6, 6, 6, 6, 6, 6, 6, 6, 6, 6, 6, 6, 6, 6, 6, 6, 6)), list(Original_TrackID = c("1000190008", "1000190015", "1000190017", "1000190019", "1000190027", "1000190052", "1000190059", "1000190072", "1000190075", "1000190078", "1000190079", "1000190080", "1000190082", "1000190086", "1000190101", "1000190102", "1000190103", "1000190107", "1000190113", "1000190114", "1000190118", "1000190120", "1000190131", "1000190133", "1000190134", "1000190284", "1000190586", "1000190714", "1000190749", "1000191370", "1000191975", "1000192642", "1000203471", "1000205449", 
"1000205794", "1000206115", "1000206443", "1000206805", "1000207793", "1000209612", "1000214784", "1000214881", "1000215621", "1000215981", "1000218119", "1000218970", "1000219207", "1000219672", "1000219918", "1000220771", "1000221174", "1000222473", "1000222643", "1000226115", "1000227524", "1000228255", "1000230364", "1000231127", "1000231776", "1000232895", "1000235079", "1000238527"), cluster2 = c(7, 7, 7, 7, 7, 7, 7, 7, 7, 7, 7, 7, 7, 7, 7, 7, 7, 7, 7, 7, 7, 7, 7, 7, 7, 7, 7, 7, 7, 7, 7, 7, 
7, 7, 7, 7, 7, 7, 7, 7, 7, 7, 7, 7, 7, 7, 7, 7, 7, 7, 7, 7, 7, 7, 7, 7, 7, 7, 7, 7, 7, 7)), list(Original_TrackID = c("1000190009", "1000190012", "1000190037", "1000190039", "1000190049", "1000190065", "1000190087", "1000190093", "1000190094", "1000190106", "1000190108", "1000190121", "1000190122", "1000190124", "1000190259", "1000190333", "1000190859", "1000192085", "1000192278", "1000192353", "1000195584", "1000198817", "1000199172", "1000199550", "1000200911", "1000201142", "1000201669", "1000202265", "1000203270", "1000203528", "1000203559", "1000204544", "1000207295", "1000207577", 
"1000209911", "1000209987", "1000210210", "1000212064", "1000212466", "1000213347", "1000214841", "1000218685", "1000218729", "1000220709", "1000220931", "1000221385", "1000221656", "1000223145", "1000224188", "1000224498", "1000224503", "1000224541", "1000225127", "1000225374", "1000226275", "1000229166", "1000229262", "1000231154", "1000231939", "1000232029", "1000233369", "1000234070", "1000234104", "1000234396", "1000234610", "1000236881", "1000237593", "1000237825", "1000239343"), cluster2 = c(8, 
8, 8, 8, 8, 8, 8, 8, 8, 8, 8, 8, 8, 8, 8, 8, 8, 8, 8, 8, 8, 8, 8, 8, 8, 8, 8, 8, 8, 8, 8, 8, 8, 8, 8, 8, 8, 8, 8, 8, 8, 8, 8, 8, 8, 8, 8, 8, 8, 8, 8, 8, 8, 8, 8, 8, 8, 8, 8, 8, 8, 8, 8, 8, 8, 8, 8, 8, 8)), list(Original_TrackID = c("1000190016", "1000190036", "1000190042", "1000190048", "1000190050", "1000190053", "1000190062", "1000190076", "1000190096", "1000190098", "1000190099", "1000190105", "1000190112", "1000190301", "1000190597", "1000191426", "1000191698", "1000191964", "1000192570", "1000192658", "1000192988", "1000194200", "1000195204", "1000195291", "1000195602", "1000195637", "1000195947", "1000196380", "1000196486", "1000196586", "1000196718", "1000198245", "1000198439", "1000202374", 
"1000202819", "1000203158", "1000203216", "1000203799", "1000203810", "1000203836", "1000204086", "1000204778", "1000206660", "1000207419", "1000207689", "1000207822", "1000208572", "1000209788", "1000210506", "1000210615", "1000214791", "1000215594", "1000216661", "1000216780", "1000217693", "1000219152", "1000219194", "1000219195", "1000222102", "1000222442", "1000226161", "1000226984", "1000230763", "1000231680", "1000234098", "1000235565", "1000236985", "1000238081", "1000238506"), cluster2 = c(9, 
9, 9, 9, 9, 9, 9, 9, 9, 9, 9, 9, 9, 9, 9, 9, 9, 9, 9, 9, 9, 9, 9, 9, 9, 9, 9, 9, 9, 9, 9, 9, 9, 9, 9, 9, 9, 9, 9, 9, 9, 9, 9, 9, 9, 9, 9, 9, 9, 9, 9, 9, 9, 9, 9, 9, 9, 9, 9, 9, 9, 9, 9, 9, 9, 9, 9, 9, 9))
