list(Original_TrackID = c("1000453329", "1000453370", "1000453393", "1000453434", "1000453490", "1000453513", "1000454794", "1000457291", "1000458273", "1000458585", "1000465829", "1000466757", "1000467181", "1000470808", "1000471452", "1000477728", "1000481188", "1000483603", "1000487281", "1000488152", "1000494252", "1000495022", "1000495917", "1000502775", "1000505628", "1000509627", "1000510718", "1000512277", "1000512452", "1000513287", "1000513497", "1000514894", "1000515636", "1000516775", 
"1000518914", "1000527393", "1000528260", "1000529940", "1000533335", "1000535331", "1000542283", "1000545696", "1000546304", "1000556851"), cluster2 = c(1, 1, 1, 1, 1, 1, 1, 1, 1, 1, 1, 1, 1, 1, 1, 1, 1, 1, 1, 1, 1, 1, 1, 1, 1, 1, 1, 1, 1, 1, 1, 1, 1, 1, 1, 1, 1, 1, 1, 1, 1, 1, 1, 1)), list(Original_TrackID = c("1000453304", "1000453402", "1000453418", "1000459088", "1000462774", "1000465260", "1000491195", "1000492571", "1000495389", "1000507862", "1000510248", "1000514006", "1000516828", "1000537281", "1000549419", "1000551610", "1000565423"), cluster2 = c(2, 2, 2, 2, 2, 2, 2, 2, 2, 2, 2, 2, 2, 2, 2, 2, 2)), list(Original_TrackID = c("1000453311", "1000453314", "1000453331", "1000453334", "1000453336", "1000453349", "1000453357", "1000453362", "1000453363", "1000453391", "1000453401", "1000453411", "1000453415", "1000453424", "1000453430", "1000453431", "1000453457", "1000453461", "1000453464", "1000453471", "1000453477", "1000453506", "1000453512", "1000453517", "1000453519", "1000453541", "1000453790", "1000454445", "1000454888", "1000455672", "1000456031", "1000456719", "1000457235", "1000458694", 
"1000462664", "1000470847", "1000481742", "1000483879", "1000486667", "1000503299", "1000509186", "1000542410", "1000544075", "1000548168", "1000552911", "1000562417", "1000564662"), cluster2 = c(3, 3, 3, 3, 3, 3, 3, 3, 3, 3, 3, 3, 3, 3, 3, 3, 3, 3, 3, 3, 3, 3, 3, 3, 3, 3, 3, 3, 3, 3, 3, 3, 3, 3, 3, 3, 3, 3, 3, 3, 3, 3, 3, 3, 3, 3, 3)), list(Original_TrackID = c("1000453303", "1000453306", "1000453312", "1000453318", "1000453326", "1000453337", "1000453364", "1000453389", "1000453395", "1000453406", "1000453407", "1000453416", "1000453423", "1000453426", "1000453451", "1000453463", "1000453470", "1000453473", "1000453482", "1000453494", "1000453501", "1000453503", "1000453532", "1000454118", "1000454214", "1000454609", "1000455007", "1000455368", "1000456199", "1000456259", "1000457537", "1000480717", "1000488895", "1000489739", 
"1000497449", "1000502251", "1000513292", "1000551733", "1000564494"), cluster2 = c(4, 4, 4, 4, 4, 4, 4, 4, 4, 4, 4, 4, 4, 4, 4, 4, 4, 4, 4, 4, 4, 4, 4, 4, 4, 4, 4, 4, 4, 4, 4, 4, 4, 4, 4, 4, 4, 4, 4)), list(Original_TrackID = c("1000453305", "1000453310", "1000453317", "1000453320", "1000453343", "1000453368", "1000453378", "1000453397", "1000453404", "1000453414", "1000453422", "1000453429", "1000453437", "1000453453", "1000453478", "1000453505", "1000453509", "1000453516", "1000453774", "1000453846", "1000453879", "1000454142", "1000454618", "1000454878", "1000454897", "1000455471", "1000455825", "1000456558", "1000461654", "1000462903", "1000464097", "1000468087", "1000476832", "1000478111", 
"1000481294", "1000489690", "1000489724", "1000502299", "1000503708", "1000514171", "1000520692", "1000521170", "1000526420", "1000527070", "1000527387", "1000532516", "1000537731", "1000538044", "1000551614", "1000552101", "1000553898"), cluster2 = c(5, 5, 5, 5, 5, 5, 5, 5, 5, 5, 5, 5, 5, 5, 5, 5, 5, 5, 5, 5, 5, 5, 5, 5, 5, 5, 5, 5, 5, 5, 5, 5, 5, 5, 5, 5, 5, 5, 5, 5, 5, 5, 5, 5, 5, 5, 5, 5, 5, 5, 5)), list(Original_TrackID = c("1000453338", "1000453398", "1000453399", "1000453489", "1000456590", "1000457800", "1000458893", "1000459779", "1000474893", "1000479891", "1000481277", "1000482129", "1000484077", "1000488705", "1000500867", "1000508035", "1000508624", "1000520658", "1000521790", "1000522281", "1000525826", "1000532518", "1000532941", "1000534765", "1000547610", "1000559907", "1000560578", "1000562686"), cluster2 = c(6, 6, 6, 6, 6, 6, 6, 6, 6, 6, 6, 6, 6, 6, 6, 6, 6, 6, 6, 6, 6, 6, 6, 
6, 6, 6, 6, 6)), list(Original_TrackID = c("1000453309", "1000453347", "1000453365", "1000453371", "1000453382", "1000453387", "1000453408", "1000453412", "1000453446", "1000453450", "1000453472", "1000453492", "1000453510", "1000453520", "1000453856", "1000454034", "1000454082", "1000455229", "1000457146", "1000457856", "1000460566", "1000463490", "1000464311", "1000464854", "1000469698", "1000469769", "1000474583", "1000480658", "1000499902", "1000505486", "1000507846", "1000509262", "1000518591", "1000519548", 
"1000524367", "1000524657", "1000525596", "1000529978", "1000531459", "1000534487", "1000536367", "1000537391", "1000537454", "1000537607", "1000539645", "1000539988", "1000548581", "1000550344", "1000558159", "1000562508", "1000562778", "1000563976", "1000565448"), cluster2 = c(7, 7, 7, 7, 7, 7, 7, 7, 7, 7, 7, 7, 7, 7, 7, 7, 7, 7, 7, 7, 7, 7, 7, 7, 7, 7, 7, 7, 7, 7, 7, 7, 7, 7, 7, 7, 7, 7, 7, 7, 7, 7, 7, 7, 7, 7, 7, 7, 7, 7, 7, 7, 7)), list(Original_TrackID = c("1000453325", "1000453330", "1000453348", "1000453351", "1000453366", "1000453367", "1000453375", "1000453379", "1000453381", "1000453384", "1000453385", "1000453386", "1000453388", "1000453403", "1000453405", "1000453419", "1000453427", "1000453432", "1000453433", "1000453442", "1000453443", "1000453449", "1000453466", "1000453467", "1000453469", "1000453487", "1000453498", "1000453500", "1000453508", "1000453511", "1000453515", "1000453806", "1000454085", "1000454805", 
"1000455158", "1000455435", "1000456386", "1000456415", "1000457093", "1000457098", "1000457154", "1000457336", "1000457446", "1000457952", "1000457988", "1000460892", "1000462810", "1000463002", "1000465271", "1000465680", "1000466004", "1000469262", "1000469655", "1000470202", "1000471036", "1000474128", "1000474788", "1000475269", "1000476679", "1000478998", "1000479005", "1000482110", "1000482724", "1000483597", "1000484500", "1000485045", "1000486204", "1000488949", "1000490444", "1000491101", 
"1000491536", "1000492088", "1000492550", "1000493346", "1000494389", "1000495430", "1000496258", "1000496334", "1000497251", "1000498302", "1000499029", "1000500176", "1000500252", "1000500406", "1000502926", "1000503216", "1000503390", "1000504256", "1000505689", "1000506285", "1000508151", "1000509006", "1000510925", "1000511409", "1000512339", "1000513119", "1000513264", "1000513696", "1000513975", "1000515640", "1000516378", "1000516604", "1000517344", "1000517430", "1000517865", "1000518027", 
"1000518158", "1000519301", "1000520444", "1000520493", "1000521018", "1000522485", "1000523360", "1000523886", "1000524372", "1000524586", "1000525055", "1000525459", "1000526076", "1000526847", "1000528586", "1000530408", "1000534808", "1000535886", "1000536795", "1000537087", "1000537206", "1000539524", "1000540153", "1000540175", "1000540795", "1000541246", "1000541708", "1000543313", "1000543338", "1000544264", "1000545387", "1000549149", "1000549590", "1000549609", "1000550140", "1000550208", 
"1000550348", "1000550929", "1000550942", "1000551111", "1000552837", "1000553713", "1000553772", "1000554298", "1000554591", "1000556390", "1000558867", "1000560325", "1000561060", "1000561282", "1000561939", "1000562634", "1000563332", "1000565384"),