list(Original_TrackID = c("1000269199", "1000270206", "1000273015", "1000298271", "1000305892", "1000309703", "1000318784", "1000323665", "1000326039", "1000327342"), cluster2 = c(1, 1, 1, 1, 1, 1, 1, 1, 1, 1)), list(Original_TrackID = c("1000269177", "1000269216", "1000275644", "1000290921", "1000291681", "1000295074", "1000298429", "1000312599", "1000325227", "1000327219", "1000331684"), cluster2 = c(2, 2, 2, 2, 2, 2, 2, 2, 2, 2, 2)), list(Original_TrackID = c("1000269093", "1000269100", "1000269112", "1000269144", "1000269149", "1000269162", "1000269164", "1000269192", "1000269196", "1000269222", "1000269748", "1000269793", "1000271124", "1000271592", "1000271756", "1000272115", "1000277809", "1000289005", "1000302078", "1000303193", "1000320435", "1000324269", "1000327026", "1000329681"), cluster2 = c(3, 3, 3, 3, 3, 3, 3, 3, 3, 3, 3, 3, 3, 3, 3, 3, 3, 3, 3, 3, 3, 3, 3, 3)), list(Original_TrackID = c("1000269094", "1000269104", "1000269107", "1000269110", "1000269113", "1000269115", "1000269116", "1000269127", "1000269148", "1000269155", "1000269156", "1000269166", "1000269183", "1000269186", "1000269188", "1000269189", "1000269210", "1000269225", "1000269884", "1000269968", "1000285169", "1000302798"), cluster2 = c(4, 4, 4, 4, 4, 4, 4, 4, 4, 4, 4, 4, 4, 4, 4, 4, 4, 4, 4, 4, 4, 4)), list(Original_TrackID = c("1000269092", "1000269095", "1000269096", "1000269114", "1000269125", "1000269201", "1000269213", "1000269322", "1000269629", "1000270248", "1000270514", "1000272481", "1000274712", "1000274879", "1000280546", "1000282534", "1000288889", "1000289099", "1000293249", "1000298954", "1000304920", "1000316283", "1000321545", "1000325221", "1000328667"), cluster2 = c(5, 5, 5, 5, 5, 5, 5, 5, 5, 5, 5, 5, 5, 5, 5, 5, 5, 5, 5, 5, 5, 5, 5, 5, 5)), list(Original_TrackID = c("1000269097", "1000269106", "1000269109", "1000269111", "1000269129", "1000269151", "1000269206", "1000269645", "1000270356", "1000277609", "1000285372", "1000287362", "1000296948", "1000297554", "1000303088", "1000304961", "1000314731", "1000320314", "1000330561", "1000332915", "1000333419", "1000333456"), cluster2 = c(6, 6, 6, 6, 6, 6, 6, 6, 6, 6, 6, 6, 6, 6, 6, 6, 6, 6, 6, 6, 6, 6)), list(Original_TrackID = c("1000269089", "1000269103", "1000269105", "1000269118", "1000269122", "1000269123", "1000269124", "1000269130", "1000269132", "1000269138", "1000269140", "1000269141", "1000269143", "1000269165", "1000269173", "1000269174", "1000269180", "1000269190", "1000269205", "1000269209", "1000269280", "1000270214", "1000272291", "1000273750", "1000274777", "1000277615", "1000277923", "1000280422", "1000284746", "1000296351", "1000297435", "1000298897", "1000301384", "1000303963", 
"1000305908", "1000306180", "1000306360", "1000310164", "1000319584", "1000322133", "1000325282", "1000332860"), cluster2 = c(7, 7, 7, 7, 7, 7, 7, 7, 7, 7, 7, 7, 7, 7, 7, 7, 7, 7, 7, 7, 7, 7, 7, 7, 7, 7, 7, 7, 7, 7, 7, 7, 7, 7, 7, 7, 7, 7, 7, 7, 7, 7)), list(Original_TrackID = c("1000269099", "1000269108", "1000269117", "1000269120", "1000269126", "1000269128", "1000269133", "1000269137", "1000269139", "1000269169", "1000269184", "1000269185", "1000269191", "1000269197", "1000269204", "1000269207", "1000269208", "1000269211", "1000269247", "1000269373", "1000269390", "1000269442", "1000269542", "1000269738", "1000269876", "1000271379", "1000271894", "1000272812", "1000273078", "1000274307", "1000276879", "1000277099", "1000277272", "1000277855", 
"1000279018", "1000283027", "1000283926", "1000285290", "1000285299", "1000286777", "1000289018", "1000290052", "1000291317", "1000291392", "1000291753", "1000292211", "1000293511", "1000293669", "1000293670", "1000294645", "1000296245", "1000296609", "1000298559", "1000299772", "1000301438", "1000304086", "1000306990", "1000307363", "1000309889", "1000311275", "1000311434", "1000313371", "1000313443", "1000315168", "1000316487", "1000316673", "1000316795", "1000317326", "1000320419", "1000323339", 
"1000323366", "1000324205", "1000325366", "1000330278", "1000330804", "1000333218", "1000334561"), cluster2 = c(8, 8, 8, 8, 8, 8, 8, 8, 8, 8, 8, 8, 8, 8, 8, 8, 8, 8, 8, 8, 8, 8, 8, 8, 8, 8, 8, 8, 8, 8, 8, 8, 8, 8, 8, 8, 8, 8, 8, 8, 8, 8, 8, 8, 8, 8, 8, 8, 8, 8, 8, 8, 8, 8, 8, 8, 8, 8, 8, 8, 8, 8, 8, 8, 8, 8, 8, 8, 8, 8, 8, 8, 8, 8, 8, 8, 8)), list(Original_TrackID = c("1000269131", "1000269134", "1000269135", "1000269142", "1000269146", "1000269150", "1000269154", "1000269157", "1000269158", "1000269161", "1000269163", "1000269168", "1000269170", "1000269171", "1000269176", "1000269181", "1000269182", "1000269187", "1000269193", "1000269291", "1000269326", "1000269860", "1000270322", "1000272313", "1000272923", "1000273901", "1000274737", "1000275150", "1000275660", "1000277545", "1000279174", "1000282550", "1000283359", "1000285909", 
"1000286369", "1000286877", "1000288846", "1000289794", "1000290381", "1000291614", "1000292161", "1000293915", "1000293994", "1000294381", "1000295741", "1000296463", "1000296467", "1000296855", "1000297064", "1000297068", "1000297260", "1000298097", "1000298161", "1000299473", "1000299917", "1000299979", "1000300909", "1000301339", "1000302010", "1000303637", "1000303824", "1000304013", "1000304230", "1000304247", "1000304879", "1000306016", "1000306075", "1000306971", "1000308131", "1000308464", 
"1000310213", "1000310440", "1000311365", "1000311722", "1000311915", "1000312131", "1000312540", "1000312606", "1000314100", "1000314737", "1000314804", "1000314829", "1000316068", "1000316135", "1000316658", "1000317559", "1000317791", "1000318637", "1000319240", "1000319272", "1000319351", "1000319353", "1000320216", "1000320625", "1000320842", "1000321257", "1000321593", "1000322135", "1000325768", "1000325783", "1000325921", "1000328682", "1000329890", "1000330002", "1000330334", "1000331297", 
"1000331952", "1000333448", "1000333601", "1000334043"), cluster2 = c(9, 9, 9, 9, 9, 9, 9, 9, 9, 9, 9, 9, 9, 9, 9, 9, 9, 9, 9, 9, 9, 9, 9, 9, 9, 9, 9, 9, 9, 9, 9, 9, 9, 9, 9, 9, 9, 9, 9, 9, 9, 9, 9, 9, 9, 9, 9, 9, 9, 9, 9, 9, 9, 9, 9, 9, 9, 9, 9, 9, 9, 9, 9, 9, 9, 9, 9, 9, 9, 9, 9, 9, 9, 9, 9, 9, 9, 9, 9, 9, 9, 9, 9, 9, 9, 9, 9, 9, 9, 9, 9, 9, 9, 9, 9, 9, 9, 9, 9, 9, 9, 9, 9, 9, 9, 9, 9, 9, 9, 9))
