list(Original_TrackID = c("1000207469", "1000219965", "1000223184", "1000225296", "1000250913"), cluster2 = c(1, 1, 1, 1, 1)), list(Original_TrackID = c("1000207441", "1000207465", "1000207537", "1000212472", "1000214138", "1000217626", "1000219250", "1000224667", "1000245770", "1000252706"), cluster2 = c(2, 2, 2, 2, 2, 2, 2, 2, 2, 2)), list(Original_TrackID = c("1000207452", "1000207460", "1000207473", "1000207476", "1000207480", "1000207485", "1000207486", "1000207509", "1000207514", "1000207539", "1000207540", "1000207543", "1000207547", "1000207557", "1000207563", "1000211998", "1000252508", "1000258282"), cluster2 = c(3, 3, 3, 3, 3, 3, 3, 3, 3, 3, 3, 3, 3, 3, 3, 3, 3, 3)), list(Original_TrackID = c("1000207504", "1000207516", "1000207524", "1000207530", "1000242743", "1000253274"), cluster2 = c(4, 4, 4, 4, 4, 4)), list(Original_TrackID = c("1000207494", "1000207527", "1000207553", "1000207559", "1000216589", "1000216716", "1000220221", "1000222995", "1000225759", "1000230756", "1000234830", "1000238348"), cluster2 = c(5, 5, 5, 5, 5, 5, 5, 5, 5, 5, 5, 5)), list(Original_TrackID = c("1000207438", "1000207458", "1000207477", "1000207481", "1000207529", "1000207545", "1000207566", "1000212328", "1000216555", "1000220147", "1000222811", "1000228672", "1000233407", "1000234489", "1000239817", "1000240534", "1000248442"), cluster2 = c(6, 6, 6, 6, 6, 6, 6, 6, 6, 6, 6, 6, 6, 6, 6, 6, 6)), list(Original_TrackID = c("1000207488", "1000207489", "1000207501", "1000207505", "1000207506", "1000207525", "1000207532", "1000207546", "1000207548", "1000207552", "1000207560", "1000212421", "1000214925", "1000223767", "1000231250", "1000236117", "1000241343", "1000242327", "1000242862", "1000244661", "1000247798", "1000253909", "1000256200", "1000256953"), cluster2 = c(7, 7, 7, 7, 7, 7, 7, 7, 7, 7, 7, 7, 7, 7, 7, 7, 7, 7, 7, 7, 7, 7, 7, 7)), list(Original_TrackID = c("1000207442", "1000207445", "1000207447", "1000207462", "1000207468", "1000207498", "1000207499", "1000207518", "1000207521", "1000207526", "1000207534", "1000207535", "1000208825", "1000209461", "1000213175", "1000215582", "1000233556", "1000237230", "1000241512", "1000241873", "1000243952", "1000244560", "1000248697", "1000254460", "1000256831"), cluster2 = c(8, 8, 8, 8, 8, 8, 8, 8, 8, 8, 8, 8, 8, 8, 8, 8, 8, 8, 8, 8, 8, 8, 8, 8, 8)), list(Original_TrackID = c("1000207453", "1000207470", "1000207492", "1000207510", "1000207533", "1000208325", "1000208670", "1000212091", "1000213488", "1000213951", "1000214134", "1000215032", "1000215337", "1000216425", "1000220026", "1000220142", "1000221257", "1000223849", "1000226022", "1000237409", "1000241044", "1000241101", "1000243507", "1000243980", "1000244312", "1000244846", "1000245618", "1000246297", "1000247632", "1000248817", "1000249932", "1000252648", "1000253407", "1000254195", 
"1000254750", "1000256791", "1000257233", "1000257247", "1000258021", "1000259133"), cluster2 = c(9, 9, 9, 9, 9, 9, 9, 9, 9, 9, 9, 9, 9, 9, 9, 9, 9, 9, 9, 9, 9, 9, 9, 9, 9, 9, 9, 9, 9, 9, 9, 9, 9, 9, 9, 9, 9, 9, 9, 9))
