list(Original_TrackID = c("1000570636", "1000570647", "1000575548", "1000576204", "1000577852", "1000585657", "1000585996", "1000588894", "1000588974", "1000594394", "1000608287", "1000613439", "1000617748", "1000618628", "1000631335", "1000633611", "1000649904", "1000650563", "1000650587", "1000660325", "1000660609", "1000665038", "1000674924", "1000681414", "1000682945", "1000683281", "1000689008"), cluster2 = c(1, 1, 1, 1, 1, 1, 1, 1, 1, 1, 1, 1, 1, 1, 1, 1, 1, 1, 1, 1, 1, 1, 1, 1, 1, 1, 1)), list(Original_TrackID = c("1000570602", "1000570612", "1000570640", "1000570665", "1000570681", "1000579865", "1000595019", "1000599441", "1000606547", "1000609855", "1000638364", "1000648412", "1000654503", "1000674258", "1000678139"), cluster2 = c(2, 2, 2, 2, 2, 2, 2, 2, 2, 2, 2, 2, 2, 2, 2)), list(Original_TrackID = c("1000570533", "1000570537", "1000570545", "1000570564", "1000570567", "1000570592", "1000570609", "1000570614", "1000570627", "1000570630", "1000570632", "1000570633", "1000570648", "1000570649", "1000570661", "1000570708", "1000570716", "1000570730", "1000571937", "1000576787", "1000578534", "1000593434", "1000642716"), cluster2 = c(3, 3, 3, 3, 3, 3, 3, 3, 3, 3, 3, 3, 3, 3, 3, 3, 3, 3, 3, 3, 3, 3, 3)), list(Original_TrackID = c("1000570549", "1000570568", "1000570575", "1000570606", "1000570613", "1000570620", "1000570651", "1000570668", "1000570685", "1000570717", "1000572992", "1000577266", "1000589199", "1000595876", "1000597144", "1000602319", "1000630413", "1000630673", "1000677327"), cluster2 = c(4, 4, 4, 4, 4, 4, 4, 4, 4, 4, 4, 4, 4, 4, 4, 4, 4, 4, 4)), list(Original_TrackID = c("1000570535", "1000570555", "1000570570", "1000570598", "1000570623", "1000570687", "1000584351", "1000588025", "1000598724", "1000600719", "1000615400", "1000643926", "1000649252", "1000682512"), cluster2 = c(5, 5, 5, 5, 5, 5, 5, 5, 5, 5, 5, 5, 5, 5)), list(Original_TrackID = c("1000570621", "1000570677", "1000573556", "1000578195", "1000579332", "1000589901", "1000594625", "1000597354", "1000599240", "1000610105", "1000610151", "1000610571", "1000611678", "1000613142", "1000615624", "1000618449", "1000623664", "1000624777", "1000669758", "1000676012", "1000676464", "1000679014", "1000682358", "1000686109", "1000687918", "1000688582"), cluster2 = c(6, 6, 6, 6, 6, 6, 6, 6, 6, 6, 6, 6, 6, 6, 6, 6, 6, 6, 6, 6, 6, 6, 6, 6, 6, 6)), list(Original_TrackID = c("1000570536", "1000570547", "1000570561", "1000570562", "1000570585", "1000570599", "1000570619", "1000570629", "1000570635", "1000570643", "1000570650", "1000570652", "1000570672", "1000570684", "1000570691", "1000570697", "1000570701", "1000570723", "1000570731", "1000570732", "1000570738", "1000571208", "1000571248", "1000573171", "1000581242", "1000581289", "1000585894", "1000586420", "1000586740", "1000590251", "1000590794", "1000594619", "1000596683", "1000598473", 
"1000599712", "1000601488", "1000601697", "1000608806", "1000610545", "1000611533", "1000613294", "1000613378", "1000613614", "1000617449", "1000619540", "1000622748", "1000628922", "1000634535", "1000641871", "1000644048", "1000645363", "1000648173", "1000654189", "1000657806", "1000660847", "1000664864", "1000669774", "1000670508", "1000681966", "1000682272", "1000687738"), cluster2 = c(7, 7, 7, 7, 7, 7, 7, 7, 7, 7, 7, 7, 7, 7, 7, 7, 7, 7, 7, 7, 7, 7, 7, 7, 7, 7, 7, 7, 7, 7, 7, 7, 7, 7, 7, 7, 7, 
7, 7, 7, 7, 7, 7, 7, 7, 7, 7, 7, 7, 7, 7, 7, 7, 7, 7, 7, 7, 7, 7, 7, 7)), list(Original_TrackID = c("1000570541", "1000570557", "1000570558", "1000570581", "1000570626", "1000570666", "1000570673", "1000570676", "1000570700", "1000570703", "1000570705", "1000570718", "1000570719", "1000570729", "1000571727", "1000578083", "1000579681", "1000579842", "1000583313", "1000585487", "1000586067", "1000587172", "1000588558", "1000589095", "1000589755", "1000592624", "1000593262", "1000594433", "1000595188", "1000599747", "1000600704", "1000602341", "1000604390", "1000606886", 
"1000607051", "1000608540", "1000610739", "1000612181", "1000612354", "1000612498", "1000612527", "1000612940", "1000613006", "1000613041", "1000613309", "1000613794", "1000614077", "1000614294", "1000615497", "1000616165", "1000617279", "1000617818", "1000619541", "1000619627", "1000619660", "1000623721", "1000626099", "1000627838", "1000628210", "1000629204", "1000629953", "1000630563", "1000630582", "1000631522", "1000637464", "1000640302", "1000642005", "1000643030", "1000643275", "1000646090", 
"1000647834", "1000648701", "1000654201", "1000654391", "1000655038", "1000656322", "1000656976", "1000658116", "1000660076", "1000661405", "1000662172", "1000662953", "1000664786", "1000665170", "1000666816", "1000667284", "1000667730", "1000669474", "1000671291", "1000672775", "1000673973", "1000674538", "1000675269", "1000678464", "1000679638", "1000685194", "1000689573"), cluster2 = c(8, 8, 8, 8, 8, 8, 8, 8, 8, 8, 8, 8, 8, 8, 8, 8, 8, 8, 8, 8, 8, 8, 8, 8, 8, 8, 8, 8, 8, 8, 8, 8, 8, 8, 8, 8, 8, 
8, 8, 8, 8, 8, 8, 8, 8, 8, 8, 8, 8, 8, 8, 8, 8, 8, 8, 8, 8, 8, 8, 8, 8, 8, 8, 8, 8, 8, 8, 8, 8, 8, 8, 8, 8, 8, 8, 8, 8, 8, 8, 8, 8, 8, 8, 8, 8, 8, 8, 8, 8, 8, 8, 8, 8, 8, 8, 8, 8)), list(Original_TrackID = c("1000570554", "1000570563", "1000570569", "1000570571", "1000570572", "1000570573", "1000570584", "1000570589", "1000570655", "1000570671", "1000570678", "1000570686", "1000570688", "1000570690", "1000570694", "1000570702", "1000570709", "1000570711", "1000570714", "1000570721", "1000571724", "1000572069", "1000572322", "1000572508", "1000572871", "1000573404", "1000574155", "1000574607", "1000574866", "1000575203", "1000575716", "1000576643", "1000576968", "1000577146", 
"1000579507", "1000580051", "1000580895", "1000581421", "1000582304", "1000583689", "1000584538", "1000584605", "1000588727", "1000589088", "1000589099", "1000589402", "1000589918", "1000590044", "1000591417", "1000591738", "1000592699", "1000593503", "1000593555", "1000593804", "1000593865", "1000594300", "1000595447", "1000595628", "1000595633", "1000595653", "1000596589", "1000596932", "1000597266", "1000597762", "1000599087", "1000599284", "1000599989", "1000600063", "1000601699", "1000602445", 
"1000602651", "1000602790", "1000603411", "1000604905", "1000606556", "1000607130", "1000608656", "1000609108", "1000610030", "1000610050", "1000610153", "1000610793", "1000612355", "1000612932", "1000612992", "1000613644", "1000614014", "1000614625", "1000616611", "1000619480", "1000619501", "1000619816", "1000620566", "1000620610", "1000620622", "1000620660", "1000622558", "1000623117", "1000623226", "1000623415", "1000623670", "1000624268", "1000624476", "1000624987", "1000625389", "1000628759", 
"1000629182", "1000629827", "1000632252", "1000634175", "1000634574", "1000637638", "1000638698", "1000644677", "1000645330", "1000650268", "1000650670", "1000651194", "1000652219", "1000652626", "1000654450", "1000657042", "1000657595", "1000657692", "1000657846", "1000658288", "1000660746", "1000661201", "1000662190", "1000662936", "1000663386", "1000667375", "1000667550", "1000667628", "1000671482", "1000673101", "1000674731", "1000676761", "1000677111", "1000677667", "1000682317"), cluster2 = c(9, 
9, 9, 9, 9, 9, 9, 9, 9, 9, 9, 9, 9, 9, 9, 9, 9, 9, 9, 9, 9, 9, 9, 9, 9, 9, 9, 9, 9, 9, 9, 9, 9, 9, 9, 9, 9, 9, 9, 9, 9, 9, 9, 9, 9, 9, 9, 9, 9, 9, 9, 9, 9, 9, 9, 9, 9, 9, 9, 9, 9, 9, 9, 9, 9, 9, 9, 9, 9, 9, 9, 9, 9, 9, 9, 9, 9, 9, 9, 9, 9, 9, 9, 9, 9, 9, 9, 9, 9, 9, 9, 9, 9, 9, 9, 9, 9, 9, 9, 9, 9, 9, 9, 9, 9, 9, 9, 9, 9, 9, 9, 9, 9, 9, 9, 9, 9, 9, 9, 9, 9, 9, 9, 9, 9, 9, 9, 9, 9, 9, 9, 9, 9, 9, 9, 9, 9, 9, 9, 9, 9))
