list(Original_TrackID = c("1000174553", "1000175793", "1000192613", "1000198321", "1000199697"), cluster2 = c(1, 1, 1, 1, 1)), list(Original_TrackID = c("1000161131", "1000161157", "1000167609", "1000171394", "1000178118", "1000186595", "1000188975", "1000191712", "1000194063", "1000194589", "1000194928", "1000197225", "1000202801", "1000203788", "1000203958", "1000205236", "1000206021", "1000206814"), cluster2 = c(2, 2, 2, 2, 2, 2, 2, 2, 2, 2, 2, 2, 2, 2, 2, 2, 2, 2)), list(Original_TrackID = c("1000161045", "1000161048", "1000161051", "1000161074", "1000161084", "1000161085", "1000161089", "1000161090", "1000161098", "1000161099", "1000161108", "1000161110", "1000161113", "1000161123", "1000161127", "1000161135", "1000161138", "1000161142", "1000161145", "1000161147", "1000161158", "1000161160", "1000162253", "1000163166", "1000175215", "1000184252", "1000188167", "1000195944", "1000203533", "1000203774"), cluster2 = c(3, 3, 3, 3, 3, 3, 3, 3, 3, 3, 3, 3, 3, 3, 
3, 3, 3, 3, 3, 3, 3, 3, 3, 3, 3, 3, 3, 3, 3, 3)), list(Original_TrackID = c("1000161032", "1000161038", "1000161043", "1000161044", "1000161053", "1000161059", "1000161060", "1000161065", "1000161066", "1000161102", "1000161104", "1000161106", "1000161139", "1000161155", "1000161301", "1000176100", "1000180782", "1000199432", "1000205685"), cluster2 = c(4, 4, 4, 4, 4, 4, 4, 4, 4, 4, 4, 4, 4, 4, 4, 4, 4, 4, 4)), list(Original_TrackID = c("1000161026", "1000161047", "1000161056", "1000161080", "1000161097", "1000161109", "1000161111", "1000161146", "1000161152", "1000161186", "1000168619", "1000170354", "1000172781", "1000173467", "1000183537", "1000189692", "1000190293", "1000193517", "1000197274", "1000197609", "1000197669", "1000197777", "1000200883", "1000201408", "1000202984", "1000207101", "1000207200"), cluster2 = c(5, 5, 5, 5, 5, 5, 5, 5, 5, 5, 5, 5, 5, 5, 5, 5, 5, 5, 5, 5, 5, 5, 5, 5, 5, 5, 5)), list(Original_TrackID = c("1000161050", "1000161062", "1000161120", "1000161130", "1000162254", "1000163149", "1000167975", "1000174920", "1000177115", "1000185942", "1000189626", "1000190520"), cluster2 = c(6, 6, 6, 6, 6, 6, 6, 6, 6, 6, 6, 6)), list(Original_TrackID = c("1000161028", "1000161030", "1000161031", "1000161035", "1000161040", "1000161054", "1000161061", "1000161064", "1000161067", "1000161068", "1000161070", "1000161096", "1000161101", "1000161103", "1000161115", "1000161122", "1000161125", "1000161128", "1000161141", "1000161149", "1000161151", "1000162980", "1000164585", "1000166439", "1000169136", "1000169587", "1000170286", "1000174090", "1000177546", "1000187019", "1000193334", "1000204376"), cluster2 = c(7, 7, 7, 7, 7, 
7, 7, 7, 7, 7, 7, 7, 7, 7, 7, 7, 7, 7, 7, 7, 7, 7, 7, 7, 7, 7, 7, 7, 7, 7, 7, 7)), list(Original_TrackID = c("1000161029", "1000161033", "1000161036", "1000161041", "1000161049", "1000161052", "1000161058", "1000161069", "1000161072", "1000161075", "1000161076", "1000161077", "1000161079", "1000161083", "1000161092", "1000161094", "1000161095", "1000161100", "1000161116", "1000161126", "1000161132", "1000161133", "1000161140", "1000161143", "1000161150", "1000161154", "1000161156", "1000161525", "1000162093", "1000162276", "1000163461", "1000164287", "1000166524", "1000167360", 
"1000167752", "1000168314", "1000170281", "1000170607", "1000171961", "1000175167", "1000177192", "1000177624", "1000177757", "1000179828", "1000180194", "1000181688", "1000183200", "1000183357", "1000183641", "1000184067", "1000184314", "1000190672", "1000190923", "1000196296", "1000197085", "1000198833", "1000201094", "1000203600", "1000205533"), cluster2 = c(8, 8, 8, 8, 8, 8, 8, 8, 8, 8, 8, 8, 8, 8, 8, 8, 8, 8, 8, 8, 8, 8, 8, 8, 8, 8, 8, 8, 8, 8, 8, 8, 8, 8, 8, 8, 8, 8, 8, 8, 8, 8, 8, 8, 8, 8, 
8, 8, 8, 8, 8, 8, 8, 8, 8, 8, 8, 8, 8)), list(Original_TrackID = c("1000161027", "1000161039", "1000161042", "1000161046", "1000161055", "1000161057", "1000161073", "1000161078", "1000161081", "1000161082", "1000161086", "1000161087", "1000161088", "1000161091", "1000161093", "1000161105", "1000161107", "1000161112", "1000161117", "1000161118", "1000161119", "1000161121", "1000161129", "1000161148", "1000161153", "1000161159", "1000161290", "1000161751", "1000162116", "1000162298", "1000162331", "1000163349", "1000163841", "1000165695", 
"1000166062", "1000166836", "1000166950", "1000166975", "1000167361", "1000167572", "1000168289", "1000168984", "1000169246", "1000169854", "1000170019", "1000171167", "1000171937", "1000171975", "1000171986", "1000172362", "1000172689", "1000173210", "1000173977", "1000174243", "1000174583", "1000174615", "1000174911", "1000175455", "1000175636", "1000177862", "1000177939", "1000178613", "1000179145", "1000179440", "1000179475", "1000179809", "1000180449", "1000181917", "1000182236", "1000182292", 
"1000182368", "1000182516", "1000182932", "1000183922", "1000184200", "1000184389", "1000185293", "1000186174", "1000186425", "1000186498", "1000186822", "1000187634", "1000187645", "1000188371", "1000188542", "1000190452", "1000190555", "1000191335", "1000191389", "1000192873", "1000193467", "1000193659", "1000194146", "1000195267", "1000195562", "1000195630", "1000195899", "1000196348", "1000196450", "1000196537", "1000196549", "1000197373", "1000197548", "1000197703", "1000197822", "1000198006", 
"1000199730", "1000199773", "1000200306", "1000201374", "1000201519", "1000202411", "1000203168", "1000206847", "1000207008"), cluster2 = c(9, 9, 9, 9, 9, 9, 9, 9, 9, 9, 9, 9, 9, 9, 9, 9, 9, 9, 9, 9, 9, 9, 9, 9, 9, 9, 9, 9, 9, 9, 9, 9, 9, 9, 9, 9, 9, 9, 9, 9, 9, 9, 9, 9, 9, 9, 9, 9, 9, 9, 9, 9, 9, 9, 9, 9, 9, 9, 9, 9, 9, 9, 9, 9, 9, 9, 9, 9, 9, 9, 9, 9, 9, 9, 9, 9, 9, 9, 9, 9, 9, 9, 9, 9, 9, 9, 9, 9, 9, 9, 9, 9, 9, 9, 9, 9, 9, 9, 9, 9, 9, 9, 9, 9, 9, 9, 9, 9, 9, 9, 9, 9, 9, 9, 9))
