list(TrackID = c(1000151298, 1000151313, 1000151367, 1000151372, 1000151393, 1000151413, 1000151432, 1000153341, 1000158791, 1000161123, 1000162736, 1000171684, 1000172302, 1000182318, 1000187119, 1000191085, 1000191649, 1000191661), cluster2 = c(1, 1, 1, 1, 1, 1, 1, 1, 1, 1, 1, 1, 1, 1, 1, 1, 1, 1)), list(TrackID = c(1000151344, 1000151353, 1000151391, 1000161907, 1000163423, 1000170409, 1000175701, 1000187411, 1000190877), cluster2 = c(2, 2, 2, 2, 2, 2, 2, 2, 2)), list(TrackID = c(1000151302, 1000151319, 1000151341, 1000151380, 1000151396, 1000154777, 1000155904, 1000177180, 1000181900, 1000185991, 1000190664), cluster2 = c(3, 3, 3, 3, 3, 3, 3, 3, 3, 3, 3)), list(TrackID = c(1000151296, 1000168464), cluster2 = c(4, 4)), list(TrackID = c(1000151307, 1000151348, 1000151359, 1000151400, 1000153420, 1000172257, 1000178238, 1000179506, 1000179745, 1000183625, 1000183680, 1000183682, 1000187206, 1000187212, 1000188295, 1000191696), cluster2 = c(5, 5, 5, 5, 5, 5, 5, 5, 5, 5, 5, 5, 5, 5, 5, 5)), list(TrackID = c(1000151291, 1000151334, 1000151338, 1000151485, 1000174038, 1000178515, 1000179655), cluster2 = c(6, 6, 6, 6, 6, 6, 6)), list(TrackID = 1000153124, cluster2 = 7), list(TrackID = c(1000151414, 1000157205, 1000183698), cluster2 = c(8, 8, 8)), list(TrackID = c(1000151317, 1000151383, 1000151392, 1000153028, 1000157628), cluster2 = c(9, 9, 9, 9, 9))
