list(Original_TrackID = c("1000335772", "1000335783", "1000335787", "1000335853", "1000346944", "1000351832", "1000353742", "1000354678", "1000363672", "1000366946", "1000368822", "1000375790", "1000382382", "1000383635", "1000388235", "1000390106", "1000393555", "1000399516", "1000406791"), cluster2 = c(1, 1, 1, 1, 1, 1, 1, 1, 1, 1, 1, 1, 1, 1, 1, 1, 1, 1, 1)), list(Original_TrackID = c("1000335746", "1000335820", "1000335865", "1000335893", "1000337348", "1000338468", "1000340704", "1000351184", "1000356807", "1000372377", "1000373253", "1000389320"), cluster2 = c(2, 2, 2, 2, 2, 2, 2, 2, 2, 2, 2, 2)), list(Original_TrackID = c("1000335757", "1000335758", "1000335759", "1000335764", "1000335832", "1000335852", "1000335855", "1000335861", "1000335862", "1000335866", "1000335869", "1000335877", "1000335891", "1000355425"), cluster2 = c(3, 3, 3, 3, 3, 3, 3, 3, 3, 3, 3, 3, 3, 3)), list(Original_TrackID = c("1000335790", "1000335840", "1000335859", "1000335892", "1000335900", "1000345736", "1000360689", "1000395510"), cluster2 = c(4, 4, 4, 4, 4, 4, 4, 4)), list(Original_TrackID = c("1000335756", "1000335761", "1000335767", "1000335804", "1000335805", "1000335856", "1000335897", "1000335901", "1000335978", "1000340044", "1000340192", "1000340783", "1000343893", "1000350354", "1000351472", "1000353717", "1000361934", "1000362150", "1000371304", "1000372572", "1000374442", "1000376616", "1000382164", "1000382538", "1000386767", "1000388560", "1000392394", "1000393377", "1000395872", "1000396176", "1000398717", "1000400473", "1000404913", "1000406257"), 
    cluster2 = c(5, 5, 5, 5, 5, 5, 5, 5, 5, 5, 5, 5, 5, 5, 5, 5, 5, 5, 5, 5, 5, 5, 5, 5, 5, 5, 5, 5, 5, 5, 5, 5, 5, 5)), list(Original_TrackID = c("1000335771", "1000335815", "1000335842", "1000335848", "1000342120", "1000343679", "1000364916", "1000366734", "1000368126", "1000376636", "1000379930", "1000381593", "1000384915", "1000393079", "1000394359", "1000398649", "1000403469"), cluster2 = c(6, 6, 6, 6, 6, 6, 6, 6, 6, 6, 6, 6, 6, 6, 6, 6, 6)), list(Original_TrackID = c("1000335768", "1000335770", "1000335782", "1000335794", "1000335800", "1000335807", "1000335809", "1000335834", "1000335837", "1000335846", "1000335854", "1000335857", "1000335881", "1000335887", "1000335890", "1000338727", "1000343041", "1000343098", "1000345318", "1000348707", "1000350082", "1000352093", "1000354744", "1000358370", "1000361978", "1000363027", "1000363386", "1000375307", "1000376389", "1000376599", "1000379788", "1000393683", "1000398612", "1000403142", 
"1000403789", "1000404368", "1000406424", "1000408252"), cluster2 = c(7, 7, 7, 7, 7, 7, 7, 7, 7, 7, 7, 7, 7, 7, 7, 7, 7, 7, 7, 7, 7, 7, 7, 7, 7, 7, 7, 7, 7, 7, 7, 7, 7, 7, 7, 7, 7, 7)), list(Original_TrackID = c("1000335745", "1000335751", "1000335752", "1000335753", "1000335754", "1000335755", "1000335766", "1000335774", "1000335781", "1000335784", "1000335797", "1000335798", "1000335799", "1000335801", "1000335812", "1000335821", "1000335822", "1000335825", "1000335827", "1000335831", "1000335841", "1000335843", "1000335860", "1000335863", "1000335878", "1000335885", "1000335888", "1000335904", "1000336010", "1000336149", "1000336796", "1000337491", "1000339128", "1000341791", 
"1000343254", "1000343794", "1000344505", "1000344721", "1000347563", "1000348514", "1000350577", "1000352105", "1000354560", "1000356457", "1000357976", "1000358072", "1000360812", "1000361178", "1000361761", "1000363911", "1000367485", "1000368735", "1000368887", "1000369085", "1000373013", "1000376124", "1000376819", "1000377070", "1000378025", "1000378995", "1000382216", "1000382641", "1000384487", "1000384953", "1000389260", "1000391868", "1000392308", "1000393704", "1000395676", "1000397864", 
"1000399152", "1000399166", "1000402076", "1000404261", "1000406337"), cluster2 = c(8, 8, 8, 8, 8, 8, 8, 8, 8, 8, 8, 8, 8, 8, 8, 8, 8, 8, 8, 8, 8, 8, 8, 8, 8, 8, 8, 8, 8, 8, 8, 8, 8, 8, 8, 8, 8, 8, 8, 8, 8, 8, 8, 8, 8, 8, 8, 8, 8, 8, 8, 8, 8, 8, 8, 8, 8, 8, 8, 8, 8, 8, 8, 8, 8, 8, 8, 8, 8, 8, 8, 8, 8, 8, 8)), list(Original_TrackID = c("1000335741", "1000335742", "1000335743", "1000335747", "1000335765", "1000335769", "1000335776", "1000335786", "1000335789", "1000335792", "1000335808", "1000335811", "1000335817", "1000335823", "1000335833", "1000335836", "1000335838", "1000335867", "1000335871", "1000335875", "1000335880", "1000335882", "1000335883", "1000335886", "1000335896", "1000335899", "1000335934", "1000335951", "1000336732", "1000336992", "1000339901", "1000342025", "1000342415", "1000347071", 
"1000347161", "1000347226", "1000350008", "1000352643", "1000354418", "1000355440", "1000356351", "1000357597", "1000358280", "1000359099", "1000360630", "1000361072", "1000361083", "1000361892", "1000365523", "1000365583", "1000365610", "1000367020", "1000368302", "1000368471", "1000368716", "1000369348", "1000369484", "1000370055", "1000372597", "1000372857", "1000373663", "1000374606", "1000375416", "1000375706", "1000376517", "1000378601", "1000379606", "1000381181", "1000385357", "1000385475", 
"1000385589", "1000385751", "1000386398", "1000387993", "1000388252", "1000388509", "1000388888", "1000388967", "1000389182", "1000390960", "1000391174", "1000391377", "1000391410", "1000392649", "1000394122", "1000397315", "1000397536", "1000398179", "1000398305", "1000398485", "1000400670", "1000401525", "1000402130", "1000402812", "1000403999", "1000404143", "1000404293", "1000404343", "1000404740", "1000405417", "1000406709", "1000407763", "1000407962"), cluster2 = c(9, 9, 9, 9, 9, 9, 9, 9, 9, 
9, 9, 9, 9, 9, 9, 9, 9, 9, 9, 9, 9, 9, 9, 9, 9, 9, 9, 9, 9, 9, 9, 9, 9, 9, 9, 9, 9, 9, 9, 9, 9, 9, 9, 9, 9, 9, 9, 9, 9, 9, 9, 9, 9, 9, 9, 9, 9, 9, 9, 9, 9, 9, 9, 9, 9, 9, 9, 9, 9, 9, 9, 9, 9, 9, 9, 9, 9, 9, 9, 9, 9, 9, 9, 9, 9, 9, 9, 9, 9, 9, 9, 9, 9, 9, 9, 9, 9, 9, 9, 9, 9, 9, 9))
